# PIPELINE DATA
# FITS FILE: CH_PR100010_TG023201_TU2019-10-06T09-40-30_SCI_RAW_SubArray_V0000.fits
# FLATFIELD FILE: CH_PR100010_TG023201_TU2019-10-06T09-40-30_SCI_RAW_SubArray_V0000.fits
# DISPERSION FOR 6 HOURS AVERAGE FOR POINTS [0,60] (ppm): 15.894
# DISPERSION FOR 6 HOURS AVERAGE FOR POINTS [260,320] (ppm): 19.752
# FLUX	BKG_MODE	BKG_MEAN
1.285294151833229885e+07	5.705867363687589489e+01	8.346002728906209711e+01
1.285759408410237730e+07	5.625373108926454790e+01	8.362045807578722645e+01
1.285231760545759276e+07	5.511190047538187287e+01	8.405356626977170720e+01
1.285362488274301589e+07	5.528199237221034679e+01	8.411689735927335221e+01
1.285247696332161874e+07	6.038015804605342396e+01	8.525525622017167393e+01
1.285279645290873386e+07	5.227557985285326936e+01	8.342680453266389407e+01
1.285077518389499187e+07	5.627338992439745624e+01	8.376977420304220345e+01
1.285388154586443491e+07	5.817893336563250983e+01	8.314227389077390740e+01
1.286363254388273694e+07	5.574871163787170758e+01	8.349949622987386988e+01
1.285089487436779961e+07	5.705042385496776092e+01	8.541391148877104911e+01
1.285354807793661207e+07	5.969057281415864225e+01	8.425617856230670100e+01
1.285553863320313767e+07	5.677233357882654730e+01	8.731715046707178374e+01
1.285016693405714072e+07	6.275274977982944336e+01	8.749496161772232483e+01
1.286130024645132199e+07	5.653357423374366419e+01	9.016000827248251426e+01
1.285491732058583200e+07	6.498816098239390726e+01	9.262700512165886835e+01
1.285062802197409049e+07	6.274911502114177608e+01	9.266375843175259774e+01
1.285619352035234310e+07	6.554541622032111547e+01	9.602257623634748995e+01
1.284902320118792541e+07	6.684737553500988838e+01	9.557004747707360082e+01
1.285863915317558870e+07	6.753677401030292060e+01	9.636953045695706521e+01
1.285319890634875558e+07	6.655805680214078279e+01	9.811314897012596248e+01
1.285427971463971213e+07	7.252803004068250914e+01	9.822935317023409141e+01
1.285280778685339540e+07	7.182186077205609820e+01	9.780739022411583505e+01
1.285822906347070634e+07	7.083594971338243340e+01	1.000892436730129731e+02
1.285883620041690953e+07	7.079167826415643106e+01	9.799192254683860881e+01
1.285919178339396790e+07	6.786980100872762023e+01	9.824818852376580480e+01
1.285748344364545308e+07	6.949639625625697192e+01	9.922344544489224916e+01
1.285658400918412022e+07	6.828570484854401457e+01	9.904290033906686119e+01
1.285535313031508029e+07	7.011242563175220255e+01	9.959980595763236977e+01
1.286432880097070336e+07	6.615524473490928870e+01	9.907552504704113971e+01
1.285401220706406608e+07	7.292718531522641001e+01	9.749654240841896069e+01
1.285189540444942005e+07	7.110268462753451502e+01	9.856007362320360699e+01
1.285808502508009970e+07	6.604087558162913751e+01	9.737431060524481552e+01
1.285674859446588717e+07	7.247199641661867986e+01	9.808078694607468151e+01
1.285744982483769953e+07	7.147250235587239331e+01	9.706783831076377567e+01
1.285733653878664412e+07	6.789979775632792780e+01	9.739844485767780213e+01
1.284405458165737055e+07	6.701580443343902971e+01	9.732536451916347175e+01
1.285750814429122210e+07	6.837089337905486275e+01	9.679467598402038675e+01
1.285167265646922961e+07	6.737005239491685415e+01	9.787176808197416733e+01
1.285805330941057950e+07	6.634713656973957541e+01	9.697954831625119709e+01
1.285111662429141253e+07	6.861548703215026990e+01	9.849844529986910402e+01
1.285564045185581222e+07	6.958445883777248753e+01	9.871928853489060884e+01
1.286089540888250619e+07	4.975179676239579862e+01	9.799548531917992022e+01
1.285201147653869912e+07	7.199293190265629505e+01	9.872534971659091241e+01
1.285858855222553015e+07	7.024682212145621918e+01	9.934568911408797476e+01
1.284931307569979876e+07	6.680566991651302544e+01	9.945519105140036231e+01
1.285202241030861996e+07	6.615387376873385961e+01	9.754800070464611395e+01
1.285384146559150890e+07	6.524065176587116355e+01	9.812339782324963267e+01
1.285182494749894924e+07	6.887618405945593736e+01	9.772628769781441349e+01
1.285488793565473706e+07	6.740955190974950995e+01	9.722914673792729445e+01
1.285872860063774511e+07	6.448631370247414907e+01	9.521808565516376177e+01
1.284835692088322341e+07	6.846401016301395259e+01	9.530268906115952632e+01
1.285370803743922710e+07	6.077335227608944024e+01	9.225338808086986830e+01
1.285233108343371190e+07	6.344983404595855347e+01	8.956543412365725487e+01
1.286108782335146517e+07	5.786956298079306293e+01	8.884955458659054273e+01
1.285312008850306273e+07	5.836487215863918721e+01	8.745803876292592349e+01
1.286146323040368035e+07	5.827376143476899983e+01	8.615624283532009997e+01
1.285238656819588318e+07	5.908062398514377378e+01	8.581741806800249606e+01
1.285421659833476320e+07	5.384321947361308247e+01	8.290281198084672099e+01
1.285667568250253797e+07	5.358416964237942182e+01	8.366424640034732363e+01
1.285855911225905828e+07	5.564073672197842768e+01	8.468322940243628238e+01
1.285164195462190732e+07	5.954273675462960824e+01	8.411317961140537136e+01
1.285126876348993555e+07	5.999178285200628125e+01	8.548821174468665163e+01
1.285953390147862583e+07	5.652063558019700906e+01	8.455261825880469928e+01
1.285495607173120603e+07	5.876205800091670994e+01	8.420701153542607642e+01
1.285116620696751028e+07	5.435964272438376099e+01	8.422208878228649098e+01
1.285131214988070913e+07	6.030502764884706579e+01	8.417896082718411321e+01
1.285930920361559279e+07	5.237164210130652719e+01	8.378666309280988855e+01
1.285947053445691243e+07	5.494527497439505481e+01	8.413977410919838462e+01
1.285082551728262007e+07	5.216946783958242406e+01	8.358186138278820465e+01
1.285897468355552107e+07	4.786627422273856780e+01	8.419031574658038153e+01
1.284674397402097099e+07	5.544282452074963885e+01	8.380886005112044757e+01
1.285453502042793110e+07	5.256941332925298127e+01	8.367417958223127528e+01
1.285099861753873527e+07	5.499723843350110286e+01	8.341664039032808375e+01
1.285439965484069288e+07	5.285023010027121870e+01	8.348536753375169894e+01
1.285284843929483742e+07	5.782055664896412850e+01	8.441359823689037967e+01
1.285783796184716560e+07	5.325505775843819833e+01	8.381747707904798972e+01
1.285527339853647165e+07	6.086876999364189800e+01	8.455789084671093292e+01
1.284945987241086364e+07	5.961057125752052599e+01	8.454537992985835615e+01
1.285430536435798183e+07	5.469164392506377936e+01	8.326830644840951834e+01
1.304553752920516208e+07	5.854800654799397108e+01	4.193375570382360138e+02
1.301406255429404788e+07	5.592558413698630915e+01	4.236304310752983042e+02
1.304174318158935010e+07	4.690814226009869969e+01	4.275154680699299661e+02
1.305508615256475657e+07	4.716016202756107134e+01	4.230601850701276021e+02
1.305552544157226197e+07	5.791583765242238258e+01	4.186463944806581594e+02
1.303571504027105868e+07	4.981945543674139998e+01	4.198175899195971965e+02
1.302326951159664802e+07	4.940696606893003207e+01	4.106823805052230796e+02
1.303662750687424466e+07	5.572755748331332626e+01	4.256788446609485277e+02
1.306924700737973303e+07	5.664672091998399139e+01	4.198207259048224387e+02
1.304925033389522508e+07	4.899313039623273625e+01	4.195620030950789783e+02
1.301074597119921818e+07	5.519621169879028599e+01	4.233153912175044411e+02
1.305435916464236379e+07	5.586499859579294025e+01	4.243163590779795413e+02
1.304346160318817198e+07	5.817849678791730383e+01	4.103043526672222470e+02
1.292479802604188770e+07	4.202780972474113241e+01	2.027183368685281266e+02
1.285689974834282696e+07	5.400516065172348590e+01	8.224606464677432882e+01
1.285218287340075336e+07	5.167224235310042246e+01	8.368102848931243898e+01
1.284929594523015618e+07	5.575064912782570303e+01	8.353209414753212059e+01
1.286111059513135254e+07	5.396936158159398644e+01	8.454648719682290903e+01
1.285081500529953837e+07	5.199633682892081055e+01	8.329895605737841890e+01
1.285250877108552307e+07	5.592904414707781058e+01	8.370814836001696335e+01
1.284866376551986299e+07	5.562338045849237744e+01	8.363303281027174307e+01
1.285303066185017675e+07	5.745449412419560531e+01	8.423584824337486054e+01
1.285736565715944208e+07	5.225245247082927591e+01	8.455790681026489608e+01
1.285033437452177703e+07	5.872383863709477225e+01	8.440634498582001299e+01
1.284972895762277395e+07	5.547160527465133129e+01	8.444513092965506473e+01
1.285227770789760724e+07	5.702157001925107949e+01	8.376540014940883339e+01
1.284999769632787257e+07	5.858551989221180634e+01	8.370956366610896282e+01
1.285080555837095715e+07	5.641321275012101921e+01	8.454164669024787315e+01
1.285526709154995158e+07	5.111536016400043536e+01	8.469602660946733863e+01
1.285263255494223163e+07	5.538419199245539915e+01	8.616880175190443936e+01
1.286027673395388201e+07	5.303893803380547922e+01	8.649279742411596317e+01
1.285905783820029348e+07	5.290496226998466511e+01	8.825638524583355604e+01
1.285192070144154131e+07	6.063797832616973693e+01	8.991588522760999069e+01
1.285039989937023446e+07	6.382342741862152025e+01	9.171529205402015350e+01
1.285421355606325716e+07	6.723198892915378622e+01	9.313795666619768099e+01
1.284981532375730574e+07	6.509977778056936870e+01	9.529074237513056289e+01
1.285435416200424172e+07	7.098010138704921701e+01	9.651460121839267003e+01
1.285075213352292404e+07	7.056988795787798097e+01	9.711126786494493501e+01
1.284633243764603138e+07	6.975642930206001324e+01	9.742849340872798791e+01
1.285249599315579981e+07	6.542758665974021426e+01	9.773713544207106452e+01
1.284843631798233837e+07	6.807395109372228603e+01	9.804127483460263193e+01
1.285516915988911316e+07	7.062878016609209908e+01	9.820861124498746619e+01
1.285739044181646407e+07	6.915901158572668805e+01	9.938450718004270357e+01
1.285194733769874275e+07	6.935289171731535873e+01	9.825207211280508091e+01
1.285574349635672569e+07	6.472757342312596052e+01	9.866886608015940396e+01
1.285264533445209265e+07	7.113052167141975701e+01	9.723095357220078938e+01
1.285333902423301339e+07	7.163934082621827315e+01	9.895511849972540119e+01
1.283306745600772277e+07	7.343026320628088399e+01	9.855449513517199023e+01
1.283686467496520653e+07	7.028562059841743803e+01	9.774690548102356047e+01
1.282664334519584849e+07	7.120291500394432660e+01	9.780633716961180824e+01
1.281597956916386075e+07	7.158425184804374908e+01	9.705370465746806019e+01
1.281170533636716381e+07	6.518182195531215939e+01	9.695096202761705229e+01
1.279070267470603064e+07	6.679225987840338519e+01	9.893301501551103172e+01
1.278858607018591464e+07	6.979179150063674797e+01	9.779621564744840612e+01
1.277629075604859740e+07	6.435307420094281383e+01	9.757361525668176228e+01
1.277792908675158396e+07	6.586437840344326844e+01	9.733398406673073566e+01
1.276039617974582128e+07	6.742069329914799880e+01	9.699563400796854751e+01
1.275407014189641178e+07	7.069018041100402172e+01	9.757160434191199272e+01
1.275498384033365920e+07	6.350718950914799876e+01	9.857507497113466854e+01
1.274317080132507533e+07	6.985234608973833303e+01	9.925372537572958720e+01
1.274838864979137480e+07	6.659198162544859656e+01	9.888709560600301529e+01
1.274000743339631334e+07	6.950022699916530655e+01	9.938131539726923336e+01
1.274060619037336111e+07	6.644127962799115039e+01	9.897968105281049134e+01
1.273750459142849781e+07	6.953427263062151553e+01	9.822271402363681148e+01
1.273083407083042338e+07	7.131169979107362167e+01	9.689972540310863280e+01
1.273496386153068021e+07	7.161641136745500091e+01	9.768518425519746984e+01
1.272972621007633395e+07	7.036682474088796369e+01	9.746238939451417593e+01
1.272315799680831656e+07	6.415557761613399634e+01	9.717850021796984095e+01
1.272528129035053588e+07	6.482579487667875640e+01	9.445702493960166635e+01
1.272428925695874542e+07	6.642024454330069716e+01	9.375132365340017770e+01
1.272938429661918804e+07	6.022868640546222707e+01	9.195265655259736093e+01
1.272657486601529643e+07	6.041773488164946571e+01	8.971103941336191667e+01
1.272538620768888667e+07	5.881270377944630923e+01	8.786862323126240426e+01
1.272464991323056072e+07	5.828147430980389032e+01	8.648873659068135566e+01
1.272048008452295326e+07	5.869767150148957313e+01	8.580691517212329700e+01
1.271997463547402062e+07	5.383906232390918234e+01	8.460406413034102968e+01
1.271932980820164271e+07	5.471277055003380241e+01	8.485926931702955756e+01
1.271613054749766737e+07	5.508531464427203161e+01	8.382335395062592909e+01
1.271795242620781437e+07	5.584620846565488250e+01	8.340629397345836082e+01
1.271338750810639560e+07	5.363720537557685475e+01	8.427314104028829433e+01
1.271581448740654811e+07	5.054643335349901889e+01	8.438769641207213112e+01
1.270912128254290298e+07	5.576895806909450215e+01	8.328521102979692614e+01
1.271814247074499354e+07	5.384322016768266650e+01	8.400134091935149172e+01
1.270086811720432900e+07	5.058177845665287009e+01	8.338016161756634403e+01
1.270844192099420354e+07	5.528384676219361182e+01	8.241365130735486844e+01
1.271410940937552974e+07	5.212454460503950315e+01	8.366937860824243955e+01
1.271257048726610839e+07	5.546800598613688038e+01	8.300222800154371328e+01
1.271039777603836730e+07	5.128014632229997005e+01	8.356014522401058287e+01
1.270156498223790154e+07	5.122802883265666196e+01	8.367873456518638875e+01
1.270665656178916432e+07	5.340530561933552178e+01	8.347812028188089073e+01
1.270973025167590939e+07	5.143934999457923141e+01	8.340348951797848542e+01
1.271330521624892019e+07	4.846635655200787340e+01	8.404773034073851079e+01
1.270370995698083565e+07	6.097225721436089430e+01	8.329419312223967609e+01
1.270820716118802130e+07	5.771742964347108540e+01	8.363864901445060696e+01
1.270248711088466272e+07	5.126406053391338702e+01	8.250334087407745187e+01
1.270519569063297287e+07	5.501180990974921770e+01	8.365124336013413142e+01
1.270734026503452286e+07	5.524515655084215382e+01	8.380213442452827621e+01
1.271079504974525049e+07	4.962221752357419291e+01	8.402532146258079138e+01
1.269981470213759318e+07	5.837969368962407657e+01	8.380525650199491849e+01
1.270691706343988702e+07	5.435160237357497692e+01	8.390556040677145688e+01
1.269639775758127496e+07	5.846788454799323631e+01	8.413106486994902866e+01
1.270407883965599909e+07	5.342650749462988102e+01	8.385704585384038978e+01
1.269595579504303448e+07	5.895700311187338372e+01	8.353768564772494187e+01
1.270197417692107335e+07	5.712357555353482041e+01	8.396159642085214614e+01
1.270512442427805625e+07	5.939567663904088590e+01	8.460342846311100118e+01
1.270709084877418354e+07	5.435774240999281659e+01	8.320694754611625399e+01
1.269957524014707468e+07	5.530896880290909223e+01	8.317563589539793156e+01
1.270143720451198332e+07	5.215565974661888049e+01	8.346705943675223693e+01
1.269825662418824062e+07	5.349848851525569415e+01	8.377602814268934139e+01
1.270522669045586698e+07	5.692931226077588747e+01	8.363654645933652887e+01
1.270334271274170093e+07	5.582482888813774480e+01	8.274284143907502198e+01
1.270568951130692661e+07	5.523747906776032579e+01	8.245650805063424116e+01
1.270974778071891330e+07	5.468712179619694069e+01	8.316306210162571233e+01
1.270743524404722638e+07	5.748971852637234292e+01	8.343390574028292406e+01
1.269480841893113032e+07	5.847017339900403243e+01	8.346205275674920188e+01
1.270065509608453885e+07	5.897822898540391634e+01	8.343965991993783859e+01
1.270491253359884024e+07	5.495360387489681386e+01	8.294313275003010233e+01
1.270100406827301532e+07	5.388132544718652639e+01	8.229896534989022427e+01
1.269923882269073278e+07	4.972887336321304730e+01	8.313708521458002565e+01
1.270792225300358981e+07	5.589826013572001528e+01	8.314963131804960028e+01
1.269924558430008218e+07	5.882357102530927051e+01	8.410332802097545368e+01
1.270900760773982480e+07	5.045945291849440650e+01	8.413516883554392223e+01
1.270686541950880550e+07	5.521610349953061814e+01	8.326414675887178873e+01
1.269657407129499130e+07	6.115961576955854184e+01	8.475423622448585093e+01
1.270559078259407543e+07	5.974290476437619191e+01	8.556790282858472096e+01
1.270990706014948338e+07	6.060468273047220578e+01	8.531281724078547768e+01
1.271251784389099292e+07	5.682320136874341188e+01	8.508659415019836558e+01
1.270145865032447129e+07	5.783620480994548529e+01	8.666152479024169963e+01
1.270730988044897094e+07	5.793303332716465803e+01	8.730874505238332972e+01
1.270933149512377009e+07	6.002850225594727362e+01	8.894398659571642440e+01
1.270611178019670211e+07	6.927755292228712847e+01	9.147353873322533957e+01
1.271076684842411429e+07	6.389162264552026471e+01	9.237807562363154545e+01
1.271731618692579120e+07	5.960887357197393044e+01	9.468288672546016471e+01
1.270216728753463551e+07	6.498967040848448562e+01	9.576783532974965851e+01
1.270803722058525681e+07	7.151901296999412239e+01	9.611182659520909510e+01
1.270605899822361022e+07	6.870102406576525311e+01	9.736530556871373676e+01
1.271299873213165626e+07	7.066240763628071875e+01	9.832310382940140414e+01
1.271579340380795300e+07	7.009609122708191364e+01	9.897527248197852145e+01
1.271769016918380931e+07	6.977022091832461115e+01	9.793322133975377142e+01
1.271433494656285830e+07	6.824838779264459276e+01	9.752895516836920820e+01
1.272017018274440616e+07	6.921051156348997324e+01	9.721646529459812314e+01
1.271937511422361620e+07	7.110135765170412014e+01	9.771288780986370170e+01
1.271946043001968414e+07	7.534269744278714143e+01	9.806334722549493677e+01
1.272303985352490470e+07	6.583604600772898152e+01	9.724562708177751347e+01
1.272627507524604537e+07	6.629011432167288831e+01	9.795733504096874356e+01
1.272305637300432846e+07	7.022532556853116148e+01	9.781323241956042125e+01
1.271890578691588528e+07	6.871205496668957835e+01	9.718522513911685223e+01
1.272339472545335442e+07	6.696707668544948433e+01	9.739711663747588943e+01
1.272800455628696084e+07	6.870684602434134547e+01	9.795662776229460178e+01
1.273098675061025470e+07	6.198662256326945652e+01	9.783333146526948099e+01
1.272695014729671180e+07	6.798387647807062706e+01	9.833621755877983617e+01
1.272631615813595802e+07	6.564038897732389444e+01	9.779790996973862605e+01
1.273197301991523802e+07	6.781756745634899630e+01	9.755409539022370780e+01
1.273722591588875651e+07	6.600302453410282055e+01	9.741595209525166865e+01
1.274071441400311887e+07	6.650089077041458552e+01	9.746927014007472678e+01
1.274033226492287219e+07	6.475524511329410871e+01	9.870584024926237987e+01
1.274530894789052755e+07	6.520000646962449764e+01	9.868327921617566290e+01
1.274463074463758245e+07	6.995817535457663894e+01	9.801512516131990083e+01
1.274731947982277349e+07	6.986427127143920757e+01	9.827145044019341924e+01
1.275624105530212075e+07	6.906499379135829031e+01	9.830318452715607691e+01
1.275566379964822903e+07	6.849935011384398820e+01	9.800685024350305241e+01
1.276751949313068576e+07	6.896951929733782549e+01	9.939566514778584860e+01
1.276611744182769954e+07	7.532824135542124111e+01	9.725079042852182454e+01
1.277811407716414705e+07	6.647964025446296432e+01	9.680370961920057482e+01
1.279351432097323984e+07	6.331180320687895602e+01	9.814000346920515483e+01
1.280879344195003062e+07	6.412204827791023831e+01	9.520801841615801209e+01
1.280391139533108845e+07	6.647282500587390075e+01	9.520204759928351734e+01
1.281950091505757533e+07	6.105834709708935293e+01	9.256771973145288257e+01
1.283170920902128518e+07	6.193900807915245110e+01	9.049916590276158956e+01
1.283067482714050263e+07	5.673444555410995349e+01	8.991011374968707059e+01
1.284213619735095650e+07	5.334072965359104046e+01	8.753707500651360363e+01
1.284844379093903117e+07	5.292495410444011839e+01	8.582574606658509708e+01
1.285397653953864053e+07	5.857269765713398613e+01	8.546958439113400630e+01
1.284962040726733580e+07	5.617918678510466179e+01	8.488791264794264180e+01
1.284999836874818429e+07	5.328840274049513681e+01	8.406575946367638608e+01
1.285463360819845088e+07	5.378291278379010976e+01	8.479026529287177993e+01
1.284782128074696288e+07	5.611290560095989832e+01	8.389690756322706022e+01
1.285885822257958166e+07	5.635525655401193745e+01	8.451912272179441743e+01
1.285212960683916137e+07	5.154404719734390028e+01	8.359617650832440461e+01
1.285580163603873737e+07	5.107414681395914613e+01	8.383730764059438911e+01
1.286100314252997003e+07	5.035517666258337499e+01	8.396552174234315657e+01
1.284683327667489089e+07	5.795513812490383998e+01	8.504657619794284074e+01
1.285881186846658587e+07	5.066292662598812768e+01	8.466993169536642938e+01
1.285121526939234883e+07	5.288080566321276166e+01	8.476050521388678760e+01
1.285190527366638929e+07	5.376608708901954259e+01	8.440102343726671563e+01
1.284629377731675282e+07	5.609677975853449539e+01	8.390023244955948201e+01
1.285066898547441326e+07	5.378794564800549693e+01	8.280850346848512800e+01
1.285051221083815768e+07	5.557737560872226368e+01	8.399503415581000354e+01
1.285363130633219704e+07	6.088607115770191314e+01	8.398794169617355010e+01
1.284805960733110458e+07	5.273100223478385828e+01	8.326948403346264627e+01
1.284317044836029038e+07	5.818512342817488303e+01	8.369207176097080492e+01
1.284668595198797621e+07	5.305711384703938904e+01	8.373275183552451040e+01
1.285932675305327773e+07	5.567007668423553923e+01	8.311803048873201760e+01
1.284429269288067520e+07	5.871761759257798019e+01	8.325873852240995632e+01
1.285350938630685210e+07	5.262863939787450818e+01	8.330292844825011400e+01
1.285508102971245348e+07	5.288817023185536925e+01	8.371482091511171575e+01
1.284095760011974536e+07	6.078412765974319143e+01	8.491433687092889215e+01
1.285605346350515634e+07	5.358778215126078948e+01	8.306173108029166485e+01
1.285912322387583181e+07	5.586355859082006248e+01	8.313350189038145288e+01
1.285683360627295636e+07	5.202902557802261185e+01	8.388365797585774430e+01
1.284708961912612058e+07	5.320030771780678691e+01	8.409241604639279899e+01
1.285382280942426808e+07	5.213619150291939519e+01	8.409884941508268241e+01
1.285640797031387687e+07	5.135739943562597887e+01	8.405944976230820487e+01
1.285018344452027790e+07	5.163901171130057577e+01	8.324310884430514079e+01
1.285072513891043141e+07	5.454437555218138556e+01	8.407686583616528253e+01
1.285771872631473467e+07	5.662833756818308473e+01	8.469194164055880947e+01
1.285768473944507167e+07	5.025934023330953693e+01	8.374378432645566761e+01
1.284714390193332359e+07	5.909524229436793519e+01	8.359274343143856356e+01
1.284027203355408087e+07	5.878951487573695545e+01	8.352840896338724974e+01
1.285039030131001398e+07	5.468010365710172493e+01	8.408144160732223327e+01
1.286109768748020008e+07	4.970819466863787284e+01	8.402235970914257734e+01
1.284990666748663411e+07	5.739601883177321184e+01	8.349312236265248544e+01
1.284629164326823130e+07	5.706822099204540422e+01	8.365295746711703373e+01
1.284972328695288114e+07	5.627224209400961286e+01	8.350883832674301743e+01
1.285612399090822227e+07	5.693162217927621072e+01	8.412086394140078482e+01
1.285390066212934256e+07	4.863690179091214816e+01	8.412580702458521387e+01
1.285772932689118385e+07	5.595031783848688178e+01	8.369257703167086504e+01
1.285410493240353651e+07	5.296826759742422297e+01	8.401919546756506918e+01
1.285429180861064605e+07	4.979347063748945601e+01	8.359074563528663759e+01
1.285797964202952199e+07	5.595288763555876699e+01	8.367015053608170660e+01
1.284918012374270335e+07	5.519339489366427642e+01	8.435908680492171641e+01
1.284774573184833862e+07	5.581401867969783837e+01	8.417759654529801594e+01
1.285595331161311269e+07	5.860082041343828507e+01	8.517482515078881988e+01
1.285030302547472157e+07	5.620994234454582283e+01	8.585577004360378339e+01
1.285549171867653541e+07	5.648076696919525830e+01	8.666838384284663732e+01
1.285384762263162062e+07	5.958336383407279158e+01	8.684646083649528236e+01
1.285452827941843495e+07	6.264915079845654589e+01	8.880062694599139661e+01
1.285459093197149597e+07	6.282408311427076342e+01	9.008652621600096211e+01
1.285461601166490093e+07	6.379788107024916144e+01	9.182866216758432643e+01
1.285847836425883882e+07	6.482145238231373696e+01	9.465036390954961121e+01
1.285977686600046232e+07	6.682718395297388270e+01	9.440683497651046707e+01
1.284859026898593828e+07	6.565939685812719517e+01	9.588329546127008030e+01
1.285925325819792226e+07	6.490847197457405571e+01	9.760706075497699885e+01
1.285215368744237721e+07	6.693379051163927329e+01	9.802458092861238015e+01
1.285514705403726920e+07	6.915287848385204938e+01	9.875192505090286943e+01
1.285647551860648580e+07	6.804969446648962617e+01	9.869379481445203339e+01
1.285363497774996981e+07	7.561799397387896704e+01	9.920800799610569243e+01
1.285763127128325216e+07	6.983642304855204941e+01	9.918347009900611511e+01
1.285735610938571207e+07	6.884316301122885307e+01	9.933188545094974131e+01
1.285018917856288888e+07	7.175771834102975788e+01	9.886981951997663032e+01
1.285455641705886833e+07	6.970481788395119338e+01	9.823506934757804743e+01
1.285195155065665580e+07	6.849388068057928081e+01	9.709696106582579489e+01
1.285841235798233561e+07	7.033050490654318310e+01	9.821887813557268032e+01
1.285577418465822190e+07	7.256882697773163216e+01	9.949287537985277652e+01
1.285219914517225325e+07	6.748864913338370286e+01	9.819996580536580666e+01
1.285017530452682450e+07	6.826372600201997898e+01	9.789311165135011095e+01
1.285392078043857403e+07	6.860494185518420807e+01	9.728198348654775884e+01
1.284740558158145100e+07	6.969776467392327390e+01	9.732322460373794115e+01
1.284859874690928496e+07	7.070667360579260219e+01	9.678008140475408538e+01
1.284737529455463961e+07	7.069888299651219654e+01	9.738315473639379150e+01
1.286127973163498938e+07	6.501810905170437138e+01	9.819324335875191423e+01
1.284993116218559444e+07	6.588480512881479001e+01	9.784986049286551690e+01
1.286020636006853729e+07	6.969739270243434248e+01	9.730787369269354770e+01
1.284753279294249788e+07	6.899469766889512812e+01	9.837530150357142134e+01
1.284925391499751620e+07	6.720894295224003656e+01	9.813399303439423704e+01
1.285850042341914400e+07	7.087302016340514399e+01	9.899110147672011806e+01
1.285392271471987106e+07	6.105915630124329851e+01	9.875269071560947509e+01
1.285137959311678074e+07	6.970729616183992050e+01	9.800125785286344637e+01
1.284990120288122818e+07	6.788549130181345959e+01	9.916149115809086823e+01
1.285221976447118819e+07	6.596634134919867165e+01	9.824108085706605209e+01
1.285246858294230886e+07	7.072811842721159792e+01	9.767278821474265271e+01
1.285431805536118895e+07	6.900617851141406334e+01	9.857691527599595815e+01
1.285491054440266453e+07	6.974391210808099117e+01	9.607034000862519463e+01
1.285718808953879029e+07	6.287248146031726037e+01	9.488598921351538706e+01
1.285551969174936228e+07	6.239280952915841283e+01	9.303512481476317930e+01
1.285034592782528885e+07	6.725164798069585004e+01	9.267968857036530039e+01
1.285350784983758815e+07	6.126229990992231222e+01	9.000729305752851417e+01
1.285096389334285632e+07	6.445001560163406396e+01	8.805854364337575646e+01
1.297925660380809009e+07	4.214844837246911879e+01	3.209430146176232483e+02
1.304483560964254662e+07	4.659732808099214907e+01	4.286271477495289446e+02
1.307273717415118217e+07	4.602302940386837093e+01	4.283528766078429726e+02
1.303320118258337490e+07	5.549900211110357873e+01	4.318530604379317879e+02
1.293252119835059345e+07	4.192846484913516036e+01	2.030011410817741648e+02
1.285920952769344673e+07	4.971327515271457997e+01	8.322494440705807506e+01
1.285176974342537299e+07	5.289278173390167126e+01	8.391149493113442759e+01
1.285573010863092169e+07	5.764871559367898612e+01	8.472380040696774017e+01
1.285453453700932488e+07	5.047022300986976973e+01	8.357925245659730251e+01
1.285767392342324369e+07	5.902764240255356754e+01	8.492877762247510987e+01
1.284760424141330086e+07	5.473595818742077768e+01	8.430564646183499633e+01
1.285301258800004981e+07	5.032319125241835422e+01	8.406567327701817760e+01
1.285278205575184524e+07	5.980623601237511622e+01	8.390527032921386308e+01
1.285161647853152826e+07	5.942877943981974909e+01	8.398301473311822463e+01
1.284611821873077191e+07	5.703316326410899251e+01	8.445222365998174041e+01
1.285425522134787403e+07	5.238266043268100702e+01	8.371895881911916604e+01
1.285554799132781103e+07	4.880157932886283589e+01	8.273946668951863614e+01
1.285428419303649850e+07	5.853142258301832612e+01	8.334323607505646692e+01
1.284260432135187462e+07	5.966642367526686996e+01	8.326551565186603909e+01
1.285585384823310003e+07	5.635383099420823783e+01	8.260760761804172603e+01
1.285767211196290702e+07	5.516616331154224895e+01	8.400431539608915443e+01
1.285080906343701482e+07	5.826025136355569600e+01	8.487344817776302364e+01
1.285219160161779448e+07	5.755085349283542939e+01	8.476136016342047697e+01
1.285176407899386995e+07	5.932045335925101881e+01	8.392419291128958037e+01
1.285906544087513909e+07	4.930238746575945896e+01	8.384288282928579861e+01
1.285221274677696452e+07	5.564870889117965902e+01	8.428423039425571517e+01
1.285552994006682746e+07	5.284445632162193363e+01	8.325505403702500473e+01
1.285235485057722405e+07	5.703591584859241692e+01	8.477637184999264264e+01
1.285014515531766415e+07	5.990842224848896791e+01	8.456212388338434494e+01
1.285800838821236230e+07	5.493432343856579791e+01	8.366899662695018947e+01
1.285741420779648796e+07	5.179561025528143858e+01	8.358241443515427704e+01
1.284650551195725799e+07	5.584590771145911958e+01	8.454064191482122226e+01
1.285149530295363441e+07	5.556922898469046146e+01	8.368323156863365853e+01
1.285653945698327199e+07	5.620111537155972314e+01	8.417445339256985903e+01
1.285000560768303461e+07	5.728192907882816343e+01	8.249158418727085973e+01
1.285089476040839031e+07	5.628870142694657375e+01	8.528316630153673827e+01
1.285374728892930225e+07	5.709456245463032786e+01	8.370280313720601839e+01
1.285610536133246683e+07	5.438235938103458977e+01	8.325390944935796256e+01
1.284874342683358490e+07	5.514757825166081062e+01	8.359897941299993818e+01
1.285169441388849728e+07	5.502089090600667021e+01	8.350516073910854686e+01
1.285237889598562196e+07	5.609230224941116205e+01	8.393832771420439087e+01
1.284849413785276562e+07	5.553237541366910079e+01	8.412912237965001339e+01
1.286230898107018694e+07	5.525445015924019287e+01	8.302245849201916883e+01
1.285037648747827485e+07	5.341897617801375731e+01	8.389310382817210154e+01
1.284767301618685387e+07	5.810971293491959955e+01	8.301603113969451897e+01
1.286032180334452167e+07	5.793227225069881570e+01	8.398423620508098963e+01
1.285428728056757897e+07	5.544876188056834110e+01	8.402208603637460271e+01
1.285671165230530128e+07	5.538996216804862627e+01	8.364885518733919412e+01
1.284568465061758086e+07	6.104440210022791291e+01	8.384167801692218802e+01
1.284876661559169739e+07	5.519854756009378605e+01	8.393452254223697651e+01
1.285442219529731572e+07	5.551534867273139184e+01	8.416673044412084437e+01
1.285944414648156427e+07	5.340666558241166229e+01	8.456766879030831774e+01
1.285723749014771171e+07	5.389491888165276379e+01	8.523020358301963029e+01
1.285387966214760952e+07	6.028512061176613912e+01	8.466576650502511825e+01
1.285185397225514054e+07	5.422410690028821278e+01	8.634791825157611811e+01
1.285122967231521942e+07	6.047367400915306490e+01	8.795154226701532707e+01
1.285907887406877428e+07	6.533285959364036444e+01	9.037553119434437576e+01
1.285531291984110884e+07	6.546038885505059568e+01	9.069090784612147615e+01
1.285236147187600657e+07	6.399287661103762304e+01	9.323450791420822270e+01
